=== Parameter Sweep Results ===
sigma_x sigma_y sigma_w sigma_h sigma_vx sigma_vy sigma_vw sigma_vh alpha speed_noise_factor JI avg_time_per_frame
0.25 0.25 0.01 0.01 0.01 0.01 0.001 0.001 15 0.4 ============================
0.25 0.25 0.01 0.01 0.01 0.01 0.001 0.001 15 0.5 ============================
0.25 0.25 0.01 0.01 0.01 0.01 0.001 0.001 15 0.6 ============================
0.25 0.25 0.01 0.01 0.01 0.01 0.001 0.001 20 0.4 ============================
0.25 0.25 0.01 0.01 0.01 0.01 0.001 0.001 20 0.5 ============================
0.25 0.25 0.01 0.01 0.01 0.01 0.001 0.001 20 0.6 ============================
0.25 0.25 0.01 0.01 0.01 0.01 0.001 0.001 25 0.4 ============================
0.25 0.25 0.01 0.01 0.01 0.01 0.001 0.001 25 0.5 ============================
0.25 0.25 0.01 0.01 0.01 0.01 0.001 0.001 25 0.6 ============================
0.3 0.3 0.02 0.02 0.01 0.01 0.001 0.001 15 0.4 ============================
